# This file was derived from Lake Ontario measurements from Javier A. Concha for
# Sept. 16, 2015. 
#
# 
#
#
#
#
#
#wavelength [nm]     coef
4.0000000e+02   1.9988117e+00
4.0100000e+02   1.9635166e+00
4.0200000e+02   1.9288881e+00
4.0300000e+02   1.8949135e+00
4.0400000e+02   1.8615801e+00
4.0500000e+02   1.8288757e+00
4.0600000e+02   1.7967880e+00
4.0700000e+02   1.7653052e+00
4.0800000e+02   1.7344156e+00
4.0900000e+02   1.7041079e+00
4.1000000e+02   1.6743709e+00
4.1100000e+02   1.6451934e+00
4.1200000e+02   1.6165649e+00
4.1300000e+02   1.5884747e+00
4.1400000e+02   1.5609124e+00
4.1500000e+02   1.5338679e+00
4.1600000e+02   1.5073313e+00
4.1700000e+02   1.4812927e+00
4.1800000e+02   1.4557426e+00
4.1900000e+02   1.4306716e+00
4.2000000e+02   1.4060704e+00
4.2100000e+02   1.3819301e+00
4.2200000e+02   1.3582418e+00
4.2300000e+02   1.3349967e+00
4.2400000e+02   1.3121865e+00
4.2500000e+02   1.2898026e+00
4.2600000e+02   1.2678369e+00
4.2700000e+02   1.2462815e+00
4.2800000e+02   1.2251283e+00
4.2900000e+02   1.2043697e+00
4.3000000e+02   1.1839981e+00
4.3100000e+02   1.1640060e+00
4.3200000e+02   1.1443862e+00
4.3300000e+02   1.1251315e+00
4.3400000e+02   1.1062349e+00
4.3500000e+02   1.0876896e+00
4.3600000e+02   1.0694888e+00
4.3700000e+02   1.0516258e+00
4.3800000e+02   1.0340942e+00
4.3900000e+02   1.0168877e+00
4.4000000e+02   1.0000000e+00
4.4100000e+02   9.8342497e-01
4.4200000e+02   9.6715664e-01
4.4300000e+02   9.5118912e-01
4.4400000e+02   9.3551664e-01
4.4500000e+02   9.2013356e-01
4.4600000e+02   9.0503432e-01
4.4700000e+02   8.9021349e-01
4.4800000e+02   8.7566573e-01
4.4900000e+02   8.6138581e-01
4.5000000e+02   8.4736861e-01
4.5100000e+02   8.3360908e-01
4.5200000e+02   8.2010230e-01
4.5300000e+02   8.0684343e-01
4.5400000e+02   7.9382773e-01
4.5500000e+02   7.8105053e-01
4.5600000e+02   7.6850729e-01
4.5700000e+02   7.5619352e-01
4.5800000e+02   7.4410483e-01
4.5900000e+02   7.3223693e-01
4.6000000e+02   7.2058559e-01
4.6100000e+02   7.0914667e-01
4.6200000e+02   6.9791611e-01
4.6300000e+02   6.8688994e-01
4.6400000e+02   6.7606424e-01
4.6500000e+02   6.6543520e-01
4.6600000e+02   6.5499904e-01
4.6700000e+02   6.4475211e-01
4.6800000e+02   6.3469077e-01
4.6900000e+02   6.2481150e-01
4.7000000e+02   6.1511081e-01
4.7100000e+02   6.0558531e-01
4.7200000e+02   5.9623165e-01
4.7300000e+02   5.8704655e-01
4.7400000e+02   5.7802681e-01
4.7500000e+02   5.6916928e-01
4.7600000e+02   5.6047086e-01
4.7700000e+02   5.5192852e-01
4.7800000e+02   5.4353930e-01
4.7900000e+02   5.3530027e-01
4.8000000e+02   5.2720859e-01
4.8100000e+02   5.1926145e-01
4.8200000e+02   5.1145609e-01
4.8300000e+02   5.0378983e-01
4.8400000e+02   4.9626002e-01
4.8500000e+02   4.8886407e-01
4.8600000e+02   4.8159943e-01
4.8700000e+02   4.7446361e-01
4.8800000e+02   4.6745417e-01
4.8900000e+02   4.6056871e-01
4.9000000e+02   4.5380487e-01
4.9100000e+02   4.4716035e-01
4.9200000e+02   4.4063289e-01
4.9300000e+02   4.3422027e-01
4.9400000e+02   4.2792031e-01
4.9500000e+02   4.2173087e-01
4.9600000e+02   4.1564987e-01
4.9700000e+02   4.0967526e-01
4.9800000e+02   4.0380501e-01
4.9900000e+02   3.9803716e-01
5.0000000e+02   3.9236977e-01
5.0100000e+02   3.8680094e-01
5.0200000e+02   3.8132881e-01
5.0300000e+02   3.7595155e-01
5.0400000e+02   3.7066737e-01
5.0500000e+02   3.6547452e-01
5.0600000e+02   3.6037127e-01
5.0700000e+02   3.5535593e-01
5.0800000e+02   3.5042685e-01
5.0900000e+02   3.4558239e-01
5.1000000e+02   3.4082097e-01
5.1100000e+02   3.3614103e-01
5.1200000e+02   3.3154102e-01
5.1300000e+02   3.2701945e-01
5.1400000e+02   3.2257484e-01
5.1500000e+02   3.1820575e-01
5.1600000e+02   3.1391075e-01
5.1700000e+02   3.0968846e-01
5.1800000e+02   3.0553751e-01
5.1900000e+02   3.0145656e-01
5.2000000e+02   2.9744430e-01
5.2100000e+02   2.9349945e-01
5.2200000e+02   2.8962073e-01
5.2300000e+02   2.8580692e-01
5.2400000e+02   2.8205680e-01
5.2500000e+02   2.7836917e-01
5.2600000e+02   2.7474287e-01
5.2700000e+02   2.7117676e-01
5.2800000e+02   2.6766970e-01
5.2900000e+02   2.6422060e-01
5.3000000e+02   2.6082838e-01
5.3100000e+02   2.5749198e-01
5.3200000e+02   2.5421035e-01
5.3300000e+02   2.5098248e-01
5.3400000e+02   2.4780736e-01
5.3500000e+02   2.4468402e-01
5.3600000e+02   2.4161150e-01
5.3700000e+02   2.3858884e-01
5.3800000e+02   2.3561513e-01
5.3900000e+02   2.3268945e-01
5.4000000e+02   2.2981092e-01
5.4100000e+02   2.2697866e-01
5.4200000e+02   2.2419182e-01
5.4300000e+02   2.2144955e-01
5.4400000e+02   2.1875104e-01
5.4500000e+02   2.1609547e-01
5.4600000e+02   2.1348204e-01
5.4700000e+02   2.1090999e-01
5.4800000e+02   2.0837855e-01
5.4900000e+02   2.0588698e-01
5.5000000e+02   2.0343453e-01
5.5100000e+02   2.0102049e-01
5.5200000e+02   1.9864415e-01
5.5300000e+02   1.9630482e-01
5.5400000e+02   1.9400182e-01
5.5500000e+02   1.9173449e-01
5.5600000e+02   1.8950217e-01
5.5700000e+02   1.8730422e-01
5.5800000e+02   1.8514001e-01
5.5900000e+02   1.8300893e-01
5.6000000e+02   1.8091037e-01
5.6100000e+02   1.7884373e-01
5.6200000e+02   1.7680844e-01
5.6300000e+02   1.7480393e-01
5.6400000e+02   1.7282963e-01
5.6500000e+02   1.7088499e-01
5.6600000e+02   1.6896948e-01
5.6700000e+02   1.6708257e-01
5.6800000e+02   1.6522374e-01
5.6900000e+02   1.6339248e-01
5.7000000e+02   1.6158829e-01
5.7100000e+02   1.5981068e-01
5.7200000e+02   1.5805918e-01
5.7300000e+02   1.5633331e-01
5.7400000e+02   1.5463262e-01
5.7500000e+02   1.5295663e-01
5.7600000e+02   1.5130493e-01
5.7700000e+02   1.4967706e-01
5.7800000e+02   1.4807260e-01
5.7900000e+02   1.4649113e-01
5.8000000e+02   1.4493224e-01
5.8100000e+02   1.4339552e-01
5.8200000e+02   1.4188058e-01
5.8300000e+02   1.4038704e-01
5.8400000e+02   1.3891450e-01
5.8500000e+02   1.3746260e-01
5.8600000e+02   1.3603097e-01
5.8700000e+02   1.3461925e-01
5.8800000e+02   1.3322708e-01
5.8900000e+02   1.3185412e-01
5.9000000e+02   1.3050004e-01
5.9100000e+02   1.2916449e-01
5.9200000e+02   1.2784716e-01
5.9300000e+02   1.2654771e-01
5.9400000e+02   1.2526584e-01
5.9500000e+02   1.2400123e-01
5.9600000e+02   1.2275359e-01
5.9700000e+02   1.2152261e-01
5.9800000e+02   1.2030801e-01
5.9900000e+02   1.1910950e-01
6.0000000e+02   1.1792680e-01
6.0100000e+02   1.1675963e-01
6.0200000e+02   1.1560772e-01
6.0300000e+02   1.1447082e-01
6.0400000e+02   1.1334865e-01
6.0500000e+02   1.1224096e-01
6.0600000e+02   1.1114751e-01
6.0700000e+02   1.1006805e-01
6.0800000e+02   1.0900233e-01
6.0900000e+02   1.0795012e-01
6.1000000e+02   1.0691120e-01
6.1100000e+02   1.0588532e-01
6.1200000e+02   1.0487227e-01
6.1300000e+02   1.0387183e-01
6.1400000e+02   1.0288379e-01
6.1500000e+02   1.0190793e-01
6.1600000e+02   1.0094404e-01
6.1700000e+02   9.9991931e-02
6.1800000e+02   9.9051394e-02
6.1900000e+02   9.8122235e-02
6.2000000e+02   9.7204264e-02
6.2100000e+02   9.6297291e-02
6.2200000e+02   9.5401132e-02
6.2300000e+02   9.4515606e-02
6.2400000e+02   9.3640535e-02
6.2500000e+02   9.2775744e-02
6.2600000e+02   9.1921063e-02
6.2700000e+02   9.1076324e-02
6.2800000e+02   9.0241360e-02
6.2900000e+02   8.9416011e-02
6.3000000e+02   8.8600118e-02
6.3100000e+02   8.7793525e-02
6.3200000e+02   8.6996079e-02
6.3300000e+02   8.6207630e-02
6.3400000e+02   8.5428030e-02
6.3500000e+02   8.4657136e-02
6.3600000e+02   8.3894804e-02
6.3700000e+02   8.3140897e-02
6.3800000e+02   8.2395277e-02
6.3900000e+02   8.1657810e-02
6.4000000e+02   8.0928365e-02
6.4100000e+02   8.0206813e-02
6.4200000e+02   7.9493026e-02
6.4300000e+02   7.8786880e-02
6.4400000e+02   7.8088253e-02
6.4500000e+02   7.7397026e-02
6.4600000e+02   7.6713080e-02
6.4700000e+02   7.6036300e-02
6.4800000e+02   7.5366573e-02
6.4900000e+02   7.4703787e-02
6.5000000e+02   7.4047834e-02
6.5100000e+02   7.3398605e-02
6.5200000e+02   7.2755996e-02
6.5300000e+02   7.2119904e-02
6.5400000e+02   7.1490226e-02
6.5500000e+02   7.0866864e-02
6.5600000e+02   7.0249720e-02
6.5700000e+02   6.9638698e-02
6.5800000e+02   6.9033703e-02
6.5900000e+02   6.8434643e-02
6.6000000e+02   6.7841428e-02
6.6100000e+02   6.7253968e-02
6.6200000e+02   6.6672175e-02
6.6300000e+02   6.6095965e-02
6.6400000e+02   6.5525252e-02
6.6500000e+02   6.4959954e-02
6.6600000e+02   6.4399989e-02
6.6700000e+02   6.3845278e-02
6.6800000e+02   6.3295743e-02
6.6900000e+02   6.2751305e-02
6.7000000e+02   6.2211891e-02
6.7100000e+02   6.1677425e-02
6.7200000e+02   6.1147835e-02
6.7300000e+02   6.0623049e-02
6.7400000e+02   6.0102997e-02
6.7500000e+02   5.9587610e-02
6.7600000e+02   5.9076820e-02
6.7700000e+02   5.8570561e-02
6.7800000e+02   5.8068767e-02
6.7900000e+02   5.7571375e-02
6.8000000e+02   5.7078321e-02
6.8100000e+02   5.6589543e-02
6.8200000e+02   5.6104981e-02
6.8300000e+02   5.5624575e-02
6.8400000e+02   5.5148267e-02
6.8500000e+02   5.4675998e-02
6.8600000e+02   5.4207712e-02
6.8700000e+02   5.3743353e-02
6.8800000e+02   5.3282868e-02
6.8900000e+02   5.2826203e-02
6.9000000e+02   5.2373304e-02
6.9100000e+02   5.1924120e-02
6.9200000e+02   5.1478600e-02
6.9300000e+02   5.1036695e-02
6.9400000e+02   5.0598356e-02
6.9500000e+02   5.0163533e-02
6.9600000e+02   4.9732180e-02
6.9700000e+02   4.9304251e-02
6.9800000e+02   4.8879699e-02
6.9900000e+02   4.8458481e-02
7.0000000e+02   4.8040551e-02
7.0100000e+02   4.7625866e-02
7.0200000e+02   4.7214384e-02
7.0300000e+02   4.6806063e-02
7.0400000e+02   4.6400862e-02
7.0500000e+02   4.5998740e-02
7.0600000e+02   4.5599659e-02
7.0700000e+02   4.5203578e-02
7.0800000e+02   4.4810459e-02
7.0900000e+02   4.4420265e-02
7.1000000e+02   4.4032959e-02
7.1100000e+02   4.3648504e-02
7.1200000e+02   4.3266865e-02
7.1300000e+02   4.2888006e-02
7.1400000e+02   4.2511893e-02
7.1500000e+02   4.2138492e-02
7.1600000e+02   4.1767769e-02
7.1700000e+02   4.1399691e-02
7.1800000e+02   4.1034228e-02
7.1900000e+02   4.0671345e-02
7.2000000e+02   4.0311013e-02
7.2100000e+02   3.9953201e-02
7.2200000e+02   3.9597879e-02
7.2300000e+02   3.9245016e-02
7.2400000e+02   3.8894584e-02
7.2500000e+02   3.8546555e-02
7.2600000e+02   3.8200899e-02
7.2700000e+02   3.7857590e-02
7.2800000e+02   3.7516599e-02
7.2900000e+02   3.7177901e-02
7.3000000e+02   3.6841469e-02
7.3100000e+02   3.6507276e-02
7.3200000e+02   3.6175298e-02
7.3300000e+02   3.5845509e-02
7.3400000e+02   3.5517885e-02
7.3500000e+02   3.5192402e-02
7.3600000e+02   3.4869035e-02
7.3700000e+02   3.4547761e-02
7.3800000e+02   3.4228556e-02
7.3900000e+02   3.3911400e-02
7.4000000e+02   3.3596268e-02
7.4100000e+02   3.3283139e-02
7.4200000e+02   3.2971991e-02
7.4300000e+02   3.2662803e-02
7.4400000e+02   3.2355554e-02
7.4500000e+02   3.2050224e-02
7.4600000e+02   3.1746792e-02
7.4700000e+02   3.1445238e-02
7.4800000e+02   3.1145542e-02
7.4900000e+02   3.0847685e-02
7.5000000e+02   3.0551649e-02
7.5100000e+02   3.0257414e-02
7.5200000e+02   2.9964962e-02
7.5300000e+02   2.9674275e-02
7.5400000e+02   2.9385335e-02
7.5500000e+02   2.9098124e-02
7.5600000e+02   2.8812625e-02
7.5700000e+02   2.8528821e-02
7.5800000e+02   2.8246695e-02
7.5900000e+02   2.7966231e-02
7.6000000e+02   2.7687412e-02
7.6100000e+02   2.7410222e-02
7.6200000e+02   2.7134646e-02
7.6300000e+02   2.6860668e-02
7.6400000e+02   2.6588273e-02
7.6500000e+02   2.6317446e-02
7.6600000e+02   2.6048171e-02
7.6700000e+02   2.5780434e-02
7.6800000e+02   2.5514221e-02
7.6900000e+02   2.5249518e-02
7.7000000e+02   2.4986310e-02
7.7100000e+02   2.4724584e-02
7.7200000e+02   2.4464326e-02
7.7300000e+02   2.4205523e-02
7.7400000e+02   2.3948162e-02
7.7500000e+02   2.3692229e-02
7.7600000e+02   2.3437713e-02
7.7700000e+02   2.3184599e-02
7.7800000e+02   2.2932876e-02
7.7900000e+02   2.2682532e-02
7.8000000e+02   2.2433555e-02
7.8100000e+02   2.2185932e-02
7.8200000e+02   2.1939652e-02
7.8300000e+02   2.1694703e-02
7.8400000e+02   2.1451074e-02
7.8500000e+02   2.1208754e-02
7.8600000e+02   2.0967732e-02
7.8700000e+02   2.0727996e-02
7.8800000e+02   2.0489536e-02
7.8900000e+02   2.0252341e-02
7.9000000e+02   2.0016401e-02
7.9100000e+02   1.9781706e-02
7.9200000e+02   1.9548245e-02
7.9300000e+02   1.9316008e-02
7.9400000e+02   1.9084985e-02
7.9500000e+02   1.8855167e-02
7.9600000e+02   1.8626543e-02
7.9700000e+02   1.8399105e-02
7.9800000e+02   1.8172843e-02
7.9900000e+02   1.7947748e-02
8.0000000e+02   1.7723810e-02
8.0100000e+02   1.7501021e-02
8.0200000e+02   1.7279371e-02
8.0300000e+02   1.7058852e-02
8.0400000e+02   1.6839455e-02
8.0500000e+02   1.6621172e-02
8.0600000e+02   1.6403994e-02
8.0700000e+02   1.6187913e-02
8.0800000e+02   1.5972920e-02
8.0900000e+02   1.5759007e-02
8.1000000e+02   1.5546168e-02
8.1100000e+02   1.5334392e-02
8.1200000e+02   1.5123673e-02
8.1300000e+02   1.4914003e-02
8.1400000e+02   1.4705375e-02
8.1500000e+02   1.4497780e-02
8.1600000e+02   1.4291211e-02
8.1700000e+02   1.4085661e-02
8.1800000e+02   1.3881123e-02
8.1900000e+02   1.3677590e-02
8.2000000e+02   1.3475054e-02
8.2100000e+02   1.3273508e-02
8.2200000e+02   1.3072946e-02
8.2300000e+02   1.2873361e-02
8.2400000e+02   1.2674746e-02
8.2500000e+02   1.2477093e-02
8.2600000e+02   1.2280398e-02
8.2700000e+02   1.2084652e-02
8.2800000e+02   1.1889851e-02
8.2900000e+02   1.1695986e-02
8.3000000e+02   1.1503053e-02
8.3100000e+02   1.1311045e-02
8.3200000e+02   1.1119955e-02
8.3300000e+02   1.0929777e-02
8.3400000e+02   1.0740507e-02
8.3500000e+02   1.0552137e-02
8.3600000e+02   1.0364662e-02
8.3700000e+02   1.0178075e-02
8.3800000e+02   9.9923723e-03
8.3900000e+02   9.8075467e-03
8.4000000e+02   9.6235931e-03
8.4100000e+02   9.4405058e-03
8.4200000e+02   9.2582793e-03
8.4300000e+02   9.0769083e-03
8.4400000e+02   8.8963872e-03
8.4500000e+02   8.7167109e-03
8.4600000e+02   8.5378740e-03
8.4700000e+02   8.3598713e-03
8.4800000e+02   8.1826976e-03
8.4900000e+02   8.0063479e-03
8.5000000e+02   7.8308172e-03
8.5100000e+02   7.6561003e-03
8.5200000e+02   7.4821924e-03
8.5300000e+02   7.3090885e-03
8.5400000e+02   7.1367839e-03
8.5500000e+02   6.9652737e-03
8.5600000e+02   6.7945531e-03
8.5700000e+02   6.6246175e-03
8.5800000e+02   6.4554623e-03
8.5900000e+02   6.2870827e-03
8.6000000e+02   6.1194743e-03
8.6100000e+02   5.9526325e-03
8.6200000e+02   5.7865528e-03
8.6300000e+02   5.6212308e-03
8.6400000e+02   5.4566622e-03
8.6500000e+02   5.2928426e-03
8.6600000e+02   5.1297676e-03
8.6700000e+02   4.9674330e-03
8.6800000e+02   4.8058346e-03
8.6900000e+02   4.6449682e-03
8.7000000e+02   4.4848296e-03
8.7100000e+02   4.3254148e-03
8.7200000e+02   4.1667197e-03
8.7300000e+02   4.0087402e-03
8.7400000e+02   3.8514723e-03
8.7500000e+02   3.6949121e-03
8.7600000e+02   3.5390557e-03
8.7700000e+02   3.3838991e-03
8.7800000e+02   3.2294385e-03
8.7900000e+02   3.0756701e-03
8.8000000e+02   2.9225901e-03
8.8100000e+02   2.7701948e-03
8.8200000e+02   2.6184804e-03
8.8300000e+02   2.4674432e-03
8.8400000e+02   2.3170796e-03
8.8500000e+02   2.1673860e-03
8.8600000e+02   2.0183587e-03
8.8700000e+02   1.8699942e-03
8.8800000e+02   1.7222889e-03
8.8900000e+02   1.5752394e-03
8.9000000e+02   1.4288422e-03
8.9100000e+02   1.2830938e-03
8.9200000e+02   1.1379907e-03
8.9300000e+02   9.9352976e-04
8.9400000e+02   8.4970742e-04
8.9500000e+02   7.0652039e-04
8.9600000e+02   5.6396536e-04
8.9700000e+02   4.2203905e-04
8.9800000e+02   2.8073821e-04
8.9900000e+02   1.4005959e-04
9.0000000e+02   0.0000000e+00
-1 -1