# This file was derived from Lake Ontario measurements from Javier A. Concha for
# Sept. 19, 2013. 
#
# 
#
#
#
#
#
#wavelength [nm]     coef [m^2/mg]
4.0000000e+02  1.6022031e-02
4.0100000e+02  1.6054965e-02
4.0200000e+02  1.6172550e-02
4.0300000e+02  1.6353894e-02
4.0400000e+02  1.6580776e-02
4.0500000e+02  1.6837493e-02
4.0600000e+02  1.7110709e-02
4.0700000e+02  1.7389302e-02
4.0800000e+02  1.7664218e-02
4.0900000e+02  1.7928315e-02
4.1000000e+02  1.8176211e-02
4.1100000e+02  1.8404139e-02
4.1200000e+02  1.8609788e-02
4.1300000e+02  1.8792157e-02
4.1400000e+02  1.8951403e-02
4.1500000e+02  1.9088687e-02
4.1600000e+02  1.9206027e-02
4.1700000e+02  1.9306143e-02
4.1800000e+02  1.9392308e-02
4.1900000e+02  1.9468195e-02
4.2000000e+02  1.9537729e-02
4.2100000e+02  1.9627789e-02
4.2200000e+02  1.9717902e-02
4.2300000e+02  1.9810923e-02
4.2400000e+02  1.9908788e-02
4.2500000e+02  2.0011892e-02
4.2600000e+02  2.0121054e-02
4.2700000e+02  2.0239186e-02
4.2800000e+02  2.0372971e-02
4.2900000e+02  2.0527268e-02
4.3000000e+02  2.0696950e-02
4.3100000e+02  2.0873718e-02
4.3200000e+02  2.1052289e-02
4.3300000e+02  2.1222551e-02
4.3400000e+02  2.1365274e-02
4.3500000e+02  2.1473986e-02
4.3600000e+02  2.1547350e-02
4.3700000e+02  2.1568840e-02
4.3800000e+02  2.1530981e-02
4.3900000e+02  2.1438738e-02
4.4000000e+02  2.1282725e-02
4.4100000e+02  2.1052259e-02
4.4200000e+02  2.0758546e-02
4.4300000e+02  2.0408507e-02
4.4400000e+02  1.9997857e-02
4.4500000e+02  1.9539437e-02
4.4600000e+02  1.9053417e-02
4.4700000e+02  1.8543344e-02
4.4800000e+02  1.8012795e-02
4.4900000e+02  1.7476906e-02
4.5000000e+02  1.6942991e-02
4.5100000e+02  1.6415993e-02
4.5200000e+02  1.5907261e-02
4.5300000e+02  1.5428863e-02
4.5400000e+02  1.4988240e-02
4.5500000e+02  1.4586229e-02
4.5600000e+02  1.4224135e-02
4.5700000e+02  1.3901528e-02
4.5800000e+02  1.3610970e-02
4.5900000e+02  1.3350045e-02
4.6000000e+02  1.3122821e-02
4.6100000e+02  1.2926042e-02
4.6200000e+02  1.2754802e-02
4.6300000e+02  1.2607699e-02
4.6400000e+02  1.2477824e-02
4.6500000e+02  1.2354160e-02
4.6600000e+02  1.2232678e-02
4.6700000e+02  1.2112140e-02
4.6800000e+02  1.1990710e-02
4.6900000e+02  1.1867511e-02
4.7000000e+02  1.1742906e-02
4.7100000e+02  1.1615820e-02
4.7200000e+02  1.1485852e-02
4.7300000e+02  1.1348943e-02
4.7400000e+02  1.1205263e-02
4.7500000e+02  1.1058432e-02
4.7600000e+02  1.0905844e-02
4.7700000e+02  1.0747649e-02
4.7800000e+02  1.0591917e-02
4.7900000e+02  1.0442489e-02
4.8000000e+02  1.0299580e-02
4.8100000e+02  1.0169195e-02
4.8200000e+02  1.0053755e-02
4.8300000e+02  9.9504619e-03
4.8400000e+02  9.8553783e-03
4.8500000e+02  9.7678525e-03
4.8600000e+02  9.6887045e-03
4.8700000e+02  9.6143683e-03
4.8800000e+02  9.5446410e-03
4.8900000e+02  9.4839628e-03
4.9000000e+02  9.4299017e-03
4.9100000e+02  9.3775125e-03
4.9200000e+02  9.3275954e-03
4.9300000e+02  9.2783132e-03
4.9400000e+02  9.2249132e-03
4.9500000e+02  9.1659329e-03
4.9600000e+02  9.0998586e-03
4.9700000e+02  9.0235700e-03
4.9800000e+02  8.9334895e-03
4.9900000e+02  8.8287402e-03
5.0000000e+02  8.7093235e-03
5.0100000e+02  8.5758867e-03
5.0200000e+02  8.4307766e-03
5.0300000e+02  8.2768887e-03
5.0400000e+02  8.1144440e-03
5.0500000e+02  7.9433878e-03
5.0600000e+02  7.7668633e-03
5.0700000e+02  7.5849304e-03
5.0800000e+02  7.3989919e-03
5.0900000e+02  7.2121893e-03
5.1000000e+02  7.0271868e-03
5.1100000e+02  6.8451121e-03
5.1200000e+02  6.6683446e-03
5.1300000e+02  6.4972985e-03
5.1400000e+02  6.3342448e-03
5.1500000e+02  6.1784610e-03
5.1600000e+02  6.0254518e-03
5.1700000e+02  5.8754613e-03
5.1800000e+02  5.7301247e-03
5.1900000e+02  5.5867471e-03
5.2000000e+02  5.4456076e-03
5.2100000e+02  5.3114865e-03
5.2200000e+02  5.1846520e-03
5.2300000e+02  5.0634621e-03
5.2400000e+02  4.9473144e-03
5.2500000e+02  4.8354359e-03
5.2600000e+02  4.7261554e-03
5.2700000e+02  4.6205065e-03
5.2800000e+02  4.5220402e-03
5.2900000e+02  4.4304400e-03
5.3000000e+02  4.3453651e-03
5.3100000e+02  4.2680327e-03
5.3200000e+02  4.1961157e-03
5.3300000e+02  4.1258902e-03
5.3400000e+02  4.0589261e-03
5.3500000e+02  3.9966551e-03
5.3600000e+02  3.9369538e-03
5.3700000e+02  3.8790226e-03
5.3800000e+02  3.8240975e-03
5.3900000e+02  3.7721784e-03
5.4000000e+02  3.7219086e-03
5.4100000e+02  3.6743837e-03
5.4200000e+02  3.6311691e-03
5.4300000e+02  3.5913169e-03
5.4400000e+02  3.5497890e-03
5.4500000e+02  3.5069153e-03
5.4600000e+02  3.4654289e-03
5.4700000e+02  3.4227021e-03
5.4800000e+02  3.3784406e-03
5.4900000e+02  3.3370650e-03
5.5000000e+02  3.2973931e-03
5.5100000e+02  3.2569528e-03
5.5200000e+02  3.2172135e-03
5.5300000e+02  3.1791119e-03
5.5400000e+02  3.1455032e-03
5.5500000e+02  3.1169338e-03
5.5600000e+02  3.0907575e-03
5.5700000e+02  3.0681668e-03
5.5800000e+02  3.0487039e-03
5.5900000e+02  3.0294595e-03
5.6000000e+02  3.0134909e-03
5.6100000e+02  3.0021034e-03
5.6200000e+02  2.9943562e-03
5.6300000e+02  2.9900803e-03
5.6400000e+02  2.9885290e-03
5.6500000e+02  2.9871451e-03
5.6600000e+02  2.9879734e-03
5.6700000e+02  2.9941501e-03
5.6800000e+02  3.0060401e-03
5.6900000e+02  3.0241506e-03
5.7000000e+02  3.0498251e-03
5.7100000e+02  3.0816877e-03
5.7200000e+02  3.1163343e-03
5.7300000e+02  3.1532250e-03
5.7400000e+02  3.1917725e-03
5.7500000e+02  3.2307329e-03
5.7600000e+02  3.2709243e-03
5.7700000e+02  3.3131533e-03
5.7800000e+02  3.3571424e-03
5.7900000e+02  3.4021003e-03
5.8000000e+02  3.4470218e-03
5.8100000e+02  3.4912040e-03
5.8200000e+02  3.5342497e-03
5.8300000e+02  3.5754480e-03
5.8400000e+02  3.6125094e-03
5.8500000e+02  3.6467795e-03
5.8600000e+02  3.6772966e-03
5.8700000e+02  3.7011119e-03
5.8800000e+02  3.7191669e-03
5.8900000e+02  3.7350005e-03
5.9000000e+02  3.7478690e-03
5.9100000e+02  3.7587482e-03
5.9200000e+02  3.7713823e-03
5.9300000e+02  3.7859853e-03
5.9400000e+02  3.8031058e-03
5.9500000e+02  3.8219874e-03
5.9600000e+02  3.8408998e-03
5.9700000e+02  3.8612410e-03
5.9800000e+02  3.8839721e-03
5.9900000e+02  3.9086678e-03
6.0000000e+02  3.9374306e-03
6.0100000e+02  3.9706445e-03
6.0200000e+02  4.0074350e-03
6.0300000e+02  4.0484629e-03
6.0400000e+02  4.0939524e-03
6.0500000e+02  4.1429072e-03
6.0600000e+02  4.1979570e-03
6.0700000e+02  4.2587723e-03
6.0800000e+02  4.3240016e-03
6.0900000e+02  4.3944891e-03
6.1000000e+02  4.4708913e-03
6.1100000e+02  4.5505661e-03
6.1200000e+02  4.6317641e-03
6.1300000e+02  4.7141214e-03
6.1400000e+02  4.7946238e-03
6.1500000e+02  4.8721649e-03
6.1600000e+02  4.9488543e-03
6.1700000e+02  5.0245557e-03
6.1800000e+02  5.0958369e-03
6.1900000e+02  5.1626260e-03
6.2000000e+02  5.2259130e-03
6.2100000e+02  5.2848614e-03
6.2200000e+02  5.3392098e-03
6.2300000e+02  5.3910788e-03
6.2400000e+02  5.4392656e-03
6.2500000e+02  5.4808898e-03
6.2600000e+02  5.5146919e-03
6.2700000e+02  5.5400900e-03
6.2800000e+02  5.5565291e-03
6.2900000e+02  5.5665225e-03
6.3000000e+02  5.5706841e-03
6.3100000e+02  5.5688195e-03
6.3200000e+02  5.5620196e-03
6.3300000e+02  5.5502785e-03
6.3400000e+02  5.5335182e-03
6.3500000e+02  5.5134562e-03
6.3600000e+02  5.4917803e-03
6.3700000e+02  5.4693300e-03
6.3800000e+02  5.4460731e-03
6.3900000e+02  5.4214577e-03
6.4000000e+02  5.3950018e-03
6.4100000e+02  5.3659398e-03
6.4200000e+02  5.3337169e-03
6.4300000e+02  5.3020919e-03
6.4400000e+02  5.2744692e-03
6.4500000e+02  5.2530856e-03
6.4600000e+02  5.2415403e-03
6.4700000e+02  5.2453705e-03
6.4800000e+02  5.2677839e-03
6.4900000e+02  5.3118355e-03
6.5000000e+02  5.3834403e-03
6.5100000e+02  5.4852969e-03
6.5200000e+02  5.6196272e-03
6.5300000e+02  5.7898505e-03
6.5400000e+02  5.9987738e-03
6.5500000e+02  6.2467456e-03
6.5600000e+02  6.5353283e-03
6.5700000e+02  6.8636412e-03
6.5800000e+02  7.2283588e-03
6.5900000e+02  7.6275494e-03
6.6000000e+02  8.0593672e-03
6.6100000e+02  8.5190817e-03
6.6200000e+02  9.0010648e-03
6.6300000e+02  9.5002119e-03
6.6400000e+02  1.0009435e-02
6.6500000e+02  1.0519998e-02
6.6600000e+02  1.1024007e-02
6.6700000e+02  1.1513012e-02
6.6800000e+02  1.1978738e-02
6.6900000e+02  1.2414434e-02
6.7000000e+02  1.2813325e-02
6.7100000e+02  1.3169799e-02
6.7200000e+02  1.3476819e-02
6.7300000e+02  1.3728949e-02
6.7400000e+02  1.3922280e-02
6.7500000e+02  1.4050043e-02
6.7600000e+02  1.4106059e-02
6.7700000e+02  1.4089586e-02
6.7800000e+02  1.3998155e-02
6.7900000e+02  1.3828621e-02
6.8000000e+02  1.3581210e-02
6.8100000e+02  1.3258013e-02
6.8200000e+02  1.2861958e-02
6.8300000e+02  1.2399106e-02
6.8400000e+02  1.1874931e-02
6.8500000e+02  1.1298683e-02
6.8600000e+02  1.0680495e-02
6.8700000e+02  1.0030476e-02
6.8800000e+02  9.3579514e-03
6.8900000e+02  8.6730288e-03
6.9000000e+02  7.9854338e-03
6.9100000e+02  7.3028136e-03
6.9200000e+02  6.6345315e-03
6.9300000e+02  5.9895205e-03
6.9400000e+02  5.3749904e-03
6.9500000e+02  4.7966890e-03
6.9600000e+02  4.2618940e-03
6.9700000e+02  3.7735708e-03
6.9800000e+02  3.3327023e-03
6.9900000e+02  2.9425853e-03
7.0000000e+02  2.6042784e-03
7.0100000e+02  2.3136060e-03
7.0200000e+02  2.0666119e-03
7.0300000e+02  1.8597872e-03
7.0400000e+02  1.6867950e-03
7.0500000e+02  1.5390924e-03
7.0600000e+02  1.4105969e-03
7.0700000e+02  1.2961441e-03
7.0800000e+02  1.1921628e-03
7.0900000e+02  1.0961594e-03
7.1000000e+02  1.0083046e-03
7.1100000e+02  9.3011991e-04
7.1200000e+02  8.5962793e-04
7.1300000e+02  7.9698027e-04
7.1400000e+02  7.4217893e-04
7.1500000e+02  6.9243057e-04
7.1600000e+02  6.4704769e-04
7.1700000e+02  6.0772742e-04
7.1800000e+02  5.6962908e-04
7.1900000e+02  5.3090043e-04
7.2000000e+02  4.9357949e-04
7.2100000e+02  4.5673460e-04
7.2200000e+02  4.1988991e-04
7.2300000e+02  3.8529779e-04
7.2400000e+02  3.5265659e-04
7.2500000e+02  3.2288064e-04
7.2600000e+02  2.9749078e-04
7.2700000e+02  2.7680139e-04
7.2800000e+02  2.6187038e-04
7.2900000e+02  2.5276294e-04
7.3000000e+02  2.4976527e-04
7.3100000e+02  2.4863358e-04
7.3200000e+02  2.4885632e-04
7.3300000e+02  2.4800809e-04
7.3400000e+02  2.4477724e-04
7.3500000e+02  2.3959568e-04
7.3600000e+02  2.3198059e-04
7.3700000e+02  2.2035625e-04
7.3800000e+02  2.0639407e-04
7.3900000e+02  1.9285603e-04
7.4000000e+02  1.7880862e-04
7.4100000e+02  1.6350287e-04
7.4200000e+02  1.4875290e-04
7.4300000e+02  1.3489371e-04
7.4400000e+02  1.2019747e-04
7.4500000e+02  1.0475761e-04
7.4600000e+02  8.9690275e-05
7.4700000e+02  7.3518918e-05
7.4800000e+02  5.5916604e-05
7.4900000e+02  3.7722055e-05
7.5000000e+02  2.0157773e-05
7.5100000e+02  4.9181418e-06
7.5200000e+02  0.0000000e+00
7.5300000e+02  0.0000000e+00
7.5400000e+02  0.0000000e+00
7.5500000e+02  0.0000000e+00
7.5600000e+02  0.0000000e+00
7.5700000e+02  0.0000000e+00
7.5800000e+02  0.0000000e+00
7.5900000e+02  0.0000000e+00
7.6000000e+02  0.0000000e+00
7.6100000e+02  5.7326680e-07
7.6200000e+02  2.9643104e-06
7.6300000e+02  5.6148342e-06
7.6400000e+02  6.6418127e-06
7.6500000e+02  5.2474509e-06
7.6600000e+02  3.1613540e-06
7.6700000e+02  9.3251415e-07
7.6800000e+02  0.0000000e+00
7.6900000e+02  0.0000000e+00
7.7000000e+02  0.0000000e+00
7.7100000e+02  0.0000000e+00
7.7200000e+02  0.0000000e+00
7.7300000e+02  0.0000000e+00
7.7400000e+02  0.0000000e+00
7.7500000e+02  0.0000000e+00
7.7600000e+02  0.0000000e+00
7.7700000e+02  0.0000000e+00
7.7800000e+02  0.0000000e+00
7.7900000e+02  0.0000000e+00
7.8000000e+02  0.0000000e+00
7.8100000e+02  0.0000000e+00
7.8200000e+02  0.0000000e+00
7.8300000e+02  0.0000000e+00
7.8400000e+02  0.0000000e+00
7.8500000e+02  0.0000000e+00
7.8600000e+02  0.0000000e+00
7.8700000e+02  0.0000000e+00
7.8800000e+02  0.0000000e+00
7.8900000e+02  0.0000000e+00
7.9000000e+02  0.0000000e+00
7.9100000e+02  0.0000000e+00
7.9200000e+02  0.0000000e+00
7.9300000e+02  0.0000000e+00
7.9400000e+02  0.0000000e+00
7.9500000e+02  0.0000000e+00
7.9600000e+02  0.0000000e+00
7.9700000e+02  0.0000000e+00
7.9800000e+02  0.0000000e+00
7.9900000e+02  0.0000000e+00
8.0000000e+02  0.0000000e+00
8.0100000e+02  0.0000000e+00
8.0200000e+02  0.0000000e+00
8.0300000e+02  0.0000000e+00
8.0400000e+02  0.0000000e+00
8.0500000e+02  0.0000000e+00
8.0600000e+02  0.0000000e+00
8.0700000e+02  0.0000000e+00
8.0800000e+02  0.0000000e+00
8.0900000e+02  0.0000000e+00
8.1000000e+02  0.0000000e+00
8.1100000e+02  0.0000000e+00
8.1200000e+02  0.0000000e+00
8.1300000e+02  0.0000000e+00
8.1400000e+02  0.0000000e+00
8.1500000e+02  0.0000000e+00
8.1600000e+02  0.0000000e+00
8.1700000e+02  0.0000000e+00
8.1800000e+02  0.0000000e+00
8.1900000e+02  0.0000000e+00
8.2000000e+02  0.0000000e+00
8.2100000e+02  0.0000000e+00
8.2200000e+02  0.0000000e+00
8.2300000e+02  0.0000000e+00
8.2400000e+02  0.0000000e+00
8.2500000e+02  0.0000000e+00
8.2600000e+02  0.0000000e+00
8.2700000e+02  0.0000000e+00
8.2800000e+02  0.0000000e+00
8.2900000e+02  0.0000000e+00
8.3000000e+02  0.0000000e+00
8.3100000e+02  0.0000000e+00
8.3200000e+02  0.0000000e+00
8.3300000e+02  0.0000000e+00
8.3400000e+02  0.0000000e+00
8.3500000e+02  0.0000000e+00
8.3600000e+02  0.0000000e+00
8.3700000e+02  0.0000000e+00
8.3800000e+02  0.0000000e+00
8.3900000e+02  0.0000000e+00
8.4000000e+02  0.0000000e+00
8.4100000e+02  0.0000000e+00
8.4200000e+02  0.0000000e+00
8.4300000e+02  0.0000000e+00
8.4400000e+02  0.0000000e+00
8.4500000e+02  0.0000000e+00
8.4600000e+02  0.0000000e+00
8.4700000e+02  0.0000000e+00
8.4800000e+02  0.0000000e+00
8.4900000e+02  0.0000000e+00
8.5000000e+02  0.0000000e+00
8.5100000e+02  0.0000000e+00
8.5200000e+02  0.0000000e+00
8.5300000e+02  0.0000000e+00
8.5400000e+02  0.0000000e+00
8.5500000e+02  0.0000000e+00
8.5600000e+02  0.0000000e+00
8.5700000e+02  0.0000000e+00
8.5800000e+02  0.0000000e+00
8.5900000e+02  0.0000000e+00
8.6000000e+02  0.0000000e+00
8.6100000e+02  0.0000000e+00
8.6200000e+02  0.0000000e+00
8.6300000e+02  0.0000000e+00
8.6400000e+02  0.0000000e+00
8.6500000e+02  0.0000000e+00
8.6600000e+02  0.0000000e+00
8.6700000e+02  0.0000000e+00
8.6800000e+02  0.0000000e+00
8.6900000e+02  0.0000000e+00
8.7000000e+02  0.0000000e+00
8.7100000e+02  0.0000000e+00
8.7200000e+02  0.0000000e+00
8.7300000e+02  0.0000000e+00
8.7400000e+02  0.0000000e+00
8.7500000e+02  0.0000000e+00
8.7600000e+02  0.0000000e+00
8.7700000e+02  0.0000000e+00
8.7800000e+02  0.0000000e+00
8.7900000e+02  0.0000000e+00
8.8000000e+02  0.0000000e+00
8.8100000e+02  0.0000000e+00
8.8200000e+02  0.0000000e+00
8.8300000e+02  0.0000000e+00
8.8400000e+02  0.0000000e+00
8.8500000e+02  0.0000000e+00
8.8600000e+02  0.0000000e+00
8.8700000e+02  0.0000000e+00
8.8800000e+02  0.0000000e+00
8.8900000e+02  0.0000000e+00
8.9000000e+02  0.0000000e+00
8.9100000e+02  0.0000000e+00
8.9200000e+02  0.0000000e+00
8.9300000e+02  0.0000000e+00
8.9400000e+02  0.0000000e+00
8.9500000e+02  0.0000000e+00
8.9600000e+02  0.0000000e+00
8.9700000e+02  0.0000000e+00
8.9800000e+02  0.0000000e+00
8.9900000e+02  0.0000000e+00
9.0000000e+02  0.0000000e+00
-1	-1