# This file was derived from Lake Ontario measurements from Javier A. Concha for
# Sept. 19, 2013. The method used was 10200HC Uncorrected for pheophytin
#
# 
#
#
#
#
#
#wavelength [nm]     coef [m^2/mg]
   4.0000000e+02   3.4482410e-02
   4.0100000e+02   3.4603072e-02
   4.0200000e+02   3.4831229e-02
   4.0300000e+02   3.5142633e-02
   4.0400000e+02   3.5515895e-02
   4.0500000e+02   3.5932333e-02
   4.0600000e+02   3.6375818e-02
   4.0700000e+02   3.6832626e-02
   4.0800000e+02   3.7291285e-02
   4.0900000e+02   3.7742421e-02
   4.1000000e+02   3.8178609e-02
   4.1100000e+02   3.8594219e-02
   4.1200000e+02   3.8985267e-02
   4.1300000e+02   3.9349261e-02
   4.1400000e+02   3.9685050e-02
   4.1500000e+02   3.9992671e-02
   4.1600000e+02   4.0273202e-02
   4.1700000e+02   4.0528603e-02
   4.1800000e+02   4.0761569e-02
   4.1900000e+02   4.0975379e-02
   4.2000000e+02   4.1173740e-02
   4.2100000e+02   4.1375881e-02
   4.2200000e+02   4.1564530e-02
   4.2300000e+02   4.1753413e-02
   4.2400000e+02   4.1951932e-02
   4.2500000e+02   4.2163968e-02
   4.2600000e+02   4.2391401e-02
   4.2700000e+02   4.2622799e-02
   4.2800000e+02   4.2850765e-02
   4.2900000e+02   4.3071889e-02
   4.3000000e+02   4.3264781e-02
   4.3100000e+02   4.3456964e-02
   4.3200000e+02   4.3674134e-02
   4.3300000e+02   4.3898036e-02
   4.3400000e+02   4.4126690e-02
   4.3500000e+02   4.4361406e-02
   4.3600000e+02   4.4546004e-02
   4.3700000e+02   4.4646581e-02
   4.3800000e+02   4.4670842e-02
   4.3900000e+02   4.4583322e-02
   4.4000000e+02   4.4366968e-02
   4.4100000e+02   4.4036110e-02
   4.4200000e+02   4.3588503e-02
   4.4300000e+02   4.3017555e-02
   4.4400000e+02   4.2341190e-02
   4.4500000e+02   4.1572045e-02
   4.4600000e+02   4.0737858e-02
   4.4700000e+02   3.9867258e-02
   4.4800000e+02   3.8958520e-02
   4.4900000e+02   3.8031780e-02
   4.5000000e+02   3.7122410e-02
   4.5100000e+02   3.6251193e-02
   4.5200000e+02   3.5415521e-02
   4.5300000e+02   3.4630227e-02
   4.5400000e+02   3.3928150e-02
   4.5500000e+02   3.3297369e-02
   4.5600000e+02   3.2714541e-02
   4.5700000e+02   3.2192011e-02
   4.5800000e+02   3.1736086e-02
   4.5900000e+02   3.1328319e-02
   4.6000000e+02   3.0974206e-02
   4.6100000e+02   3.0665065e-02
   4.6200000e+02   3.0395138e-02
   4.6300000e+02   3.0169043e-02
   4.6400000e+02   2.9976453e-02
   4.6500000e+02   2.9805741e-02
   4.6600000e+02   2.9640332e-02
   4.6700000e+02   2.9466306e-02
   4.6800000e+02   2.9269603e-02
   4.6900000e+02   2.9039532e-02
   4.7000000e+02   2.8767561e-02
   4.7100000e+02   2.8460694e-02
   4.7200000e+02   2.8119318e-02
   4.7300000e+02   2.7741165e-02
   4.7400000e+02   2.7343306e-02
   4.7500000e+02   2.6921758e-02
   4.7600000e+02   2.6466670e-02
   4.7700000e+02   2.5981794e-02
   4.7800000e+02   2.5477553e-02
   4.7900000e+02   2.4948221e-02
   4.8000000e+02   2.4405293e-02
   4.8100000e+02   2.3883365e-02
   4.8200000e+02   2.3396889e-02
   4.8300000e+02   2.2939389e-02
   4.8400000e+02   2.2516518e-02
   4.8500000e+02   2.2126480e-02
   4.8600000e+02   2.1760639e-02
   4.8700000e+02   2.1421913e-02
   4.8800000e+02   2.1117389e-02
   4.8900000e+02   2.0846524e-02
   4.9000000e+02   2.0619430e-02
   4.9100000e+02   2.0443960e-02
   4.9200000e+02   2.0309230e-02
   4.9300000e+02   2.0208170e-02
   4.9400000e+02   2.0132236e-02
   4.9500000e+02   2.0064869e-02
   4.9600000e+02   1.9993440e-02
   4.9700000e+02   1.9902059e-02
   4.9800000e+02   1.9788113e-02
   4.9900000e+02   1.9652513e-02
   5.0000000e+02   1.9480054e-02
   5.0100000e+02   1.9261745e-02
   5.0200000e+02   1.9000129e-02
   5.0300000e+02   1.8699794e-02
   5.0400000e+02   1.8364783e-02
   5.0500000e+02   1.7998914e-02
   5.0600000e+02   1.7609351e-02
   5.0700000e+02   1.7212466e-02
   5.0800000e+02   1.6801830e-02
   5.0900000e+02   1.6368087e-02
   5.1000000e+02   1.5920990e-02
   5.1100000e+02   1.5461005e-02
   5.1200000e+02   1.4996966e-02
   5.1300000e+02   1.4543312e-02
   5.1400000e+02   1.4108722e-02
   5.1500000e+02   1.3690008e-02
   5.1600000e+02   1.3285204e-02
   5.1700000e+02   1.2896661e-02
   5.1800000e+02   1.2517347e-02
   5.1900000e+02   1.2152061e-02
   5.2000000e+02   1.1820550e-02
   5.2100000e+02   1.1531812e-02
   5.2200000e+02   1.1276944e-02
   5.2300000e+02   1.1054688e-02
   5.2400000e+02   1.0864004e-02
   5.2500000e+02   1.0693615e-02
   5.2600000e+02   1.0546896e-02
   5.2700000e+02   1.0428922e-02
   5.2800000e+02   1.0343877e-02
   5.2900000e+02   1.0285605e-02
   5.3000000e+02   1.0246794e-02
   5.3100000e+02   1.0224793e-02
   5.3200000e+02   1.0208805e-02
   5.3300000e+02   1.0183930e-02
   5.3400000e+02   1.0148139e-02
   5.3500000e+02   1.0104379e-02
   5.3600000e+02   1.0048111e-02
   5.3700000e+02   9.9783520e-03
   5.3800000e+02   9.9054632e-03
   5.3900000e+02   9.8273393e-03
   5.4000000e+02   9.7364998e-03
   5.4100000e+02   9.6376587e-03
   5.4200000e+02   9.5304035e-03
   5.4300000e+02   9.4236874e-03
   5.4400000e+02   9.3229229e-03
   5.4500000e+02   9.2267743e-03
   5.4600000e+02   9.1371646e-03
   5.4700000e+02   9.0572339e-03
   5.4800000e+02   8.9870083e-03
   5.4900000e+02   8.9279039e-03
   5.5000000e+02   8.8806574e-03
   5.5100000e+02   8.8407161e-03
   5.5200000e+02   8.8247398e-03
   5.5300000e+02   8.8358602e-03
   5.5400000e+02   8.8655046e-03
   5.5500000e+02   8.9117764e-03
   5.5600000e+02   8.9670991e-03
   5.5700000e+02   9.0121355e-03
   5.5800000e+02   9.0363999e-03
   5.5900000e+02   9.0470626e-03
   5.6000000e+02   9.0510866e-03
   5.6100000e+02   9.0539821e-03
   5.6200000e+02   9.0572741e-03
   5.6300000e+02   9.0550060e-03
   5.6400000e+02   9.0432024e-03
   5.6500000e+02   9.0221269e-03
   5.6600000e+02   8.9937914e-03
   5.6700000e+02   8.9584900e-03
   5.6800000e+02   8.9070212e-03
   5.6900000e+02   8.8384236e-03
   5.7000000e+02   8.7604259e-03
   5.7100000e+02   8.6726521e-03
   5.7200000e+02   8.5763729e-03
   5.7300000e+02   8.4793942e-03
   5.7400000e+02   8.3819555e-03
   5.7500000e+02   8.2826278e-03
   5.7600000e+02   8.1784994e-03
   5.7700000e+02   8.0704987e-03
   5.7800000e+02   7.9675189e-03
   5.7900000e+02   7.8695022e-03
   5.8000000e+02   7.7761319e-03
   5.8100000e+02   7.6980684e-03
   5.8200000e+02   7.6393485e-03
   5.8300000e+02   7.5889416e-03
   5.8400000e+02   7.5459412e-03
   5.8500000e+02   7.5183719e-03
   5.8600000e+02   7.4991008e-03
   5.8700000e+02   7.4730277e-03
   5.8800000e+02   7.4565314e-03
   5.8900000e+02   7.4541908e-03
   5.9000000e+02   7.4473960e-03
   5.9100000e+02   7.4376536e-03
   5.9200000e+02   7.4393683e-03
   5.9300000e+02   7.4433435e-03
   5.9400000e+02   7.4462666e-03
   5.9500000e+02   7.4554617e-03
   5.9600000e+02   7.4566254e-03
   5.9700000e+02   7.4392403e-03
   5.9800000e+02   7.4140565e-03
   5.9900000e+02   7.3794498e-03
   6.0000000e+02   7.3322123e-03
   6.0100000e+02   7.2929261e-03
   6.0200000e+02   7.2724158e-03
   6.0300000e+02   7.2624064e-03
   6.0400000e+02   7.2710659e-03
   6.0500000e+02   7.3066289e-03
   6.0600000e+02   7.3651062e-03
   6.0700000e+02   7.4407408e-03
   6.0800000e+02   7.5198101e-03
   6.0900000e+02   7.6048540e-03
   6.1000000e+02   7.7030094e-03
   6.1100000e+02   7.8094470e-03
   6.1200000e+02   7.9292073e-03
   6.1300000e+02   8.0674199e-03
   6.1400000e+02   8.1990237e-03
   6.1500000e+02   8.3134515e-03
   6.1600000e+02   8.4142093e-03
   6.1700000e+02   8.4964833e-03
   6.1800000e+02   8.5668158e-03
   6.1900000e+02   8.6378500e-03
   6.2000000e+02   8.7069432e-03
   6.2100000e+02   8.7634859e-03
   6.2200000e+02   8.8061382e-03
   6.2300000e+02   8.8359301e-03
   6.2400000e+02   8.8708166e-03
   6.2500000e+02   8.9201054e-03
   6.2600000e+02   8.9782088e-03
   6.2700000e+02   9.0340353e-03
   6.2800000e+02   9.0934338e-03
   6.2900000e+02   9.1437742e-03
   6.3000000e+02   9.1759904e-03
   6.3100000e+02   9.2013871e-03
   6.3200000e+02   9.2352434e-03
   6.3300000e+02   9.2794394e-03
   6.3400000e+02   9.3316042e-03
   6.3500000e+02   9.3914239e-03
   6.3600000e+02   9.4522943e-03
   6.3700000e+02   9.5077387e-03
   6.3800000e+02   9.5452082e-03
   6.3900000e+02   9.5639852e-03
   6.4000000e+02   9.5607118e-03
   6.4100000e+02   9.5423508e-03
   6.4200000e+02   9.5077733e-03
   6.4300000e+02   9.4598281e-03
   6.4400000e+02   9.4177303e-03
   6.4500000e+02   9.3891067e-03
   6.4600000e+02   9.3752212e-03
   6.4700000e+02   9.3889106e-03
   6.4800000e+02   9.4295601e-03
   6.4900000e+02   9.4976555e-03
   6.5000000e+02   9.6069086e-03
   6.5100000e+02   9.7603748e-03
   6.5200000e+02   9.9669286e-03
   6.5300000e+02   1.0239486e-02
   6.5400000e+02   1.0572083e-02
   6.5500000e+02   1.0975390e-02
   6.5600000e+02   1.1454257e-02
   6.5700000e+02   1.2000033e-02
   6.5800000e+02   1.2620783e-02
   6.5900000e+02   1.3311647e-02
   6.6000000e+02   1.4042542e-02
   6.6100000e+02   1.4807350e-02
   6.6200000e+02   1.5612090e-02
   6.6300000e+02   1.6445209e-02
   6.6400000e+02   1.7302061e-02
   6.6500000e+02   1.8183618e-02
   6.6600000e+02   1.9076943e-02
   6.6700000e+02   1.9952746e-02
   6.6800000e+02   2.0794778e-02
   6.6900000e+02   2.1578085e-02
   6.7000000e+02   2.2287928e-02
   6.7100000e+02   2.2919750e-02
   6.7200000e+02   2.3463611e-02
   6.7300000e+02   2.3909460e-02
   6.7400000e+02   2.4256822e-02
   6.7500000e+02   2.4497663e-02
   6.7600000e+02   2.4623796e-02
   6.7700000e+02   2.4623384e-02
   6.7800000e+02   2.4489385e-02
   6.7900000e+02   2.4231780e-02
   6.8000000e+02   2.3846300e-02
   6.8100000e+02   2.3324058e-02
   6.8200000e+02   2.2668230e-02
   6.8300000e+02   2.1888587e-02
   6.8400000e+02   2.0988901e-02
   6.8500000e+02   1.9993856e-02
   6.8600000e+02   1.8921110e-02
   6.8700000e+02   1.7785196e-02
   6.8800000e+02   1.6612152e-02
   6.8900000e+02   1.5418897e-02
   6.9000000e+02   1.4195647e-02
   6.9100000e+02   1.2964098e-02
   6.9200000e+02   1.1775771e-02
   6.9300000e+02   1.0639181e-02
   6.9400000e+02   9.5615459e-03
   6.9500000e+02   8.5722150e-03
   6.9600000e+02   7.6765175e-03
   6.9700000e+02   6.8679329e-03
   6.9800000e+02   6.1452405e-03
   6.9900000e+02   5.5001110e-03
   7.0000000e+02   4.9258497e-03
   7.0100000e+02   4.4326102e-03
   7.0200000e+02   4.0048001e-03
   7.0300000e+02   3.6213203e-03
   7.0400000e+02   3.2863456e-03
   7.0500000e+02   3.0142411e-03
   7.0600000e+02   2.7929667e-03
   7.0700000e+02   2.6117650e-03
   7.0800000e+02   2.4734565e-03
   7.0900000e+02   2.3605162e-03
   7.1000000e+02   2.2502566e-03
   7.1100000e+02   2.1314167e-03
   7.1200000e+02   2.0020399e-03
   7.1300000e+02   1.8744670e-03
   7.1400000e+02   1.7601908e-03
   7.1500000e+02   1.6546161e-03
   7.1600000e+02   1.5674560e-03
   7.1700000e+02   1.5017828e-03
   7.1800000e+02   1.4480310e-03
   7.1900000e+02   1.4025433e-03
   7.2000000e+02   1.3506495e-03
   7.2100000e+02   1.2722370e-03
   7.2200000e+02   1.1740906e-03
   7.2300000e+02   1.0551424e-03
   7.2400000e+02   9.2496909e-04
   7.2500000e+02   8.2041364e-04
   7.2600000e+02   7.4241709e-04
   7.2700000e+02   6.6591757e-04
   7.2800000e+02   6.0251604e-04
   7.2900000e+02   5.4087513e-04
   7.3000000e+02   4.2567217e-04
   7.3100000e+02   3.3402980e-04
   7.3200000e+02   2.7742021e-04
   7.3300000e+02   2.3173189e-04
   7.3400000e+02   2.0587101e-04
   7.3500000e+02   2.1125281e-04
   7.3600000e+02   2.3703292e-04
   7.3700000e+02   2.7600005e-04
   7.3800000e+02   3.2210855e-04
   7.3900000e+02   3.7136065e-04
   7.4000000e+02   4.1826849e-04
   7.4100000e+02   4.5891641e-04
   7.4200000e+02   4.8340248e-04
   7.4300000e+02   4.8931904e-04
   7.4400000e+02   4.8321644e-04
   7.4500000e+02   4.7414112e-04
   7.4600000e+02   4.5848943e-04
   7.4700000e+02   4.3737213e-04
   7.4800000e+02   4.1409669e-04
   7.4900000e+02   3.8103195e-04
   7.5000000e+02   3.2954414e-04
   7.5100000e+02   2.6223782e-04
   7.5200000e+02   1.8755005e-04
   7.5300000e+02   1.1513888e-04
   7.5400000e+02   5.3301057e-05
   7.5500000e+02   7.5898898e-06
   7.5600000e+02   0.0000000e+00
   7.5700000e+02   0.0000000e+00
   7.5800000e+02   0.0000000e+00
   7.5900000e+02   1.4079042e-06
   7.6000000e+02   1.0318147e-07
   7.6100000e+02   0.0000000e+00
   7.6200000e+02   0.0000000e+00
   7.6300000e+02   0.0000000e+00
   7.6400000e+02   0.0000000e+00
   7.6500000e+02   0.0000000e+00
   7.6600000e+02   0.0000000e+00
   7.6700000e+02   2.1055524e-05
   7.6800000e+02   3.2029990e-05
   7.6900000e+02   2.8382403e-05
   7.7000000e+02   0.0000000e+00
   7.7100000e+02   0.0000000e+00
   7.7200000e+02   0.0000000e+00
   7.7300000e+02   0.0000000e+00
   7.7400000e+02   0.0000000e+00
   7.7500000e+02   0.0000000e+00
   7.7600000e+02   0.0000000e+00
   7.7700000e+02   0.0000000e+00
   7.7800000e+02   0.0000000e+00
   7.7900000e+02   0.0000000e+00
   7.8000000e+02   0.0000000e+00
   7.8100000e+02   0.0000000e+00
   7.8200000e+02   0.0000000e+00
   7.8300000e+02   0.0000000e+00
   7.8400000e+02   0.0000000e+00
   7.8500000e+02   0.0000000e+00
   7.8600000e+02   0.0000000e+00
   7.8700000e+02   0.0000000e+00
   7.8800000e+02   0.0000000e+00
   7.8900000e+02   0.0000000e+00
   7.9000000e+02   0.0000000e+00
   7.9100000e+02   0.0000000e+00
   7.9200000e+02   0.0000000e+00
   7.9300000e+02   0.0000000e+00
   7.9400000e+02   0.0000000e+00
   7.9500000e+02   0.0000000e+00
   7.9600000e+02   0.0000000e+00
   7.9700000e+02   0.0000000e+00
   7.9800000e+02   0.0000000e+00
   7.9900000e+02   0.0000000e+00
   8.0000000e+02   0.0000000e+00
   8.0100000e+02   0.0000000e+00
   8.0200000e+02   0.0000000e+00
   8.0300000e+02   0.0000000e+00
   8.0400000e+02   0.0000000e+00
   8.0500000e+02   0.0000000e+00
   8.0600000e+02   0.0000000e+00
   8.0700000e+02   0.0000000e+00
   8.0800000e+02   0.0000000e+00
   8.0900000e+02   0.0000000e+00
   8.1000000e+02   0.0000000e+00
   8.1100000e+02   0.0000000e+00
   8.1200000e+02   0.0000000e+00
   8.1300000e+02   0.0000000e+00
   8.1400000e+02   0.0000000e+00
   8.1500000e+02   0.0000000e+00
   8.1600000e+02   0.0000000e+00
   8.1700000e+02   0.0000000e+00
   8.1800000e+02   0.0000000e+00
   8.1900000e+02   0.0000000e+00
   8.2000000e+02   0.0000000e+00
   8.2100000e+02   0.0000000e+00
   8.2200000e+02   0.0000000e+00
   8.2300000e+02   0.0000000e+00
   8.2400000e+02   0.0000000e+00
   8.2500000e+02   0.0000000e+00
   8.2600000e+02   0.0000000e+00
   8.2700000e+02   0.0000000e+00
   8.2800000e+02   0.0000000e+00
   8.2900000e+02   0.0000000e+00
   8.3000000e+02   0.0000000e+00
   8.3100000e+02   0.0000000e+00
   8.3200000e+02   0.0000000e+00
   8.3300000e+02   0.0000000e+00
   8.3400000e+02   0.0000000e+00
   8.3500000e+02   0.0000000e+00
   8.3600000e+02   0.0000000e+00
   8.3700000e+02   0.0000000e+00
   8.3800000e+02   0.0000000e+00
   8.3900000e+02   0.0000000e+00
   8.4000000e+02   0.0000000e+00
   8.4100000e+02   0.0000000e+00
   8.4200000e+02   0.0000000e+00
   8.4300000e+02   0.0000000e+00
   8.4400000e+02   0.0000000e+00
   8.4500000e+02   0.0000000e+00
   8.4600000e+02   0.0000000e+00
   8.4700000e+02   0.0000000e+00
   8.4800000e+02   0.0000000e+00
   8.4900000e+02   0.0000000e+00
   8.5000000e+02   0.0000000e+00
   8.5100000e+02   0.0000000e+00
   8.5200000e+02   0.0000000e+00
   8.5300000e+02   0.0000000e+00
   8.5400000e+02   0.0000000e+00
   8.5500000e+02   0.0000000e+00
   8.5600000e+02   0.0000000e+00
   8.5700000e+02   0.0000000e+00
   8.5800000e+02   0.0000000e+00
   8.5900000e+02   0.0000000e+00
   8.6000000e+02   0.0000000e+00
   8.6100000e+02   0.0000000e+00
   8.6200000e+02   0.0000000e+00
   8.6300000e+02   0.0000000e+00
   8.6400000e+02   0.0000000e+00
   8.6500000e+02   0.0000000e+00
   8.6600000e+02   0.0000000e+00
   8.6700000e+02   0.0000000e+00
   8.6800000e+02   0.0000000e+00
   8.6900000e+02   0.0000000e+00
   8.7000000e+02   0.0000000e+00
   8.7100000e+02   0.0000000e+00
   8.7200000e+02   0.0000000e+00
   8.7300000e+02   0.0000000e+00
   8.7400000e+02   0.0000000e+00
   8.7500000e+02   0.0000000e+00
   8.7600000e+02   0.0000000e+00
   8.7700000e+02   0.0000000e+00
   8.7800000e+02   0.0000000e+00
   8.7900000e+02   0.0000000e+00
   8.8000000e+02   0.0000000e+00
   8.8100000e+02   0.0000000e+00
   8.8200000e+02   0.0000000e+00
   8.8300000e+02   0.0000000e+00
   8.8400000e+02   0.0000000e+00
   8.8500000e+02   0.0000000e+00
   8.8600000e+02   0.0000000e+00
   8.8700000e+02   0.0000000e+00
   8.8800000e+02   0.0000000e+00
   8.8900000e+02   0.0000000e+00
   8.9000000e+02   0.0000000e+00
   8.9100000e+02   0.0000000e+00
   8.9200000e+02   0.0000000e+00
   8.9300000e+02   0.0000000e+00
   8.9400000e+02   0.0000000e+00
   8.9500000e+02   0.0000000e+00
   8.9600000e+02   0.0000000e+00
   8.9700000e+02   0.0000000e+00
   8.9800000e+02   0.0000000e+00
   8.9900000e+02   0.0000000e+00
   9.0000000e+02   0.0000000e+00
