# The following file is a scattering cross section for chlorophyll taken from
# Bukata [1991]
#
# The respective columns are wavelength [nanometers] and specific 
# scattering [m^2/mg]
#
#
#
#
#wavelength     coef
290	0.128
291	0.128
292	0.128
293	0.128
294	0.128
295	0.128
296	0.128
297	0.128
298	0.128
299	0.128
300	0.128
301	0.128
302	0.128
303	0.128
304	0.128
305	0.128
306	0.128
307	0.128
308	0.128
309	0.128
310	0.128
311	0.128
312	0.128
313	0.128
314	0.128
315	0.128
316	0.128
317	0.128
318	0.128
319	0.128
320	0.128
321	0.128
322	0.128
323	0.128
324	0.128
325	0.128
326	0.128
327	0.128
328	0.128
329	0.128
330	0.128
331	0.128
332	0.128
333	0.128
334	0.128
335	0.128
336	0.128
337	0.128
338	0.128
339	0.128
340	0.128
341	0.128
342	0.128
343	0.128
344	0.128
345	0.128
346	0.128
347	0.128
348	0.128
349	0.128
350	0.128
351	0.128
352	0.128
353	0.128
354	0.128
355	0.128
356	0.128
357	0.128
358	0.128
359	0.128
360	0.128
361	0.128
362	0.128
363	0.128
364	0.128
365	0.128
366	0.128
367	0.128
368	0.128
369	0.128
370	0.128
371	0.128
372	0.128
373	0.128
374	0.128
375	0.128
376	0.128
377	0.128
378	0.128
379	0.128
380	0.128
381	0.128
382	0.128
383	0.128
384	0.128
385	0.128
386	0.128
387	0.128
388	0.128
389	0.128
390	0.128
391	0.128
392	0.128
393	0.128
394	0.128
395	0.128
396	0.128
397	0.128
398	0.128
399	0.128
400	0.128
401	0.128
402	0.128
403	0.128
404	0.128
405	0.128
406	0.128
407	0.128
408	0.128
409	0.128
410	0.128
411	0.1272
412	0.1264
413	0.1256
414	0.1248
415	0.124
416	0.1232
417	0.1224
418	0.1216
419	0.1208
420	0.12
421	0.1192
422	0.1184
423	0.1176
424	0.1168
425	0.116
426	0.1152
427	0.1144
428	0.1136
429	0.1128
430	0.112
431	0.1115
432	0.111
433	0.1105
434	0.11
435	0.1095
436	0.109
437	0.1085
438	0.108
439	0.1075
440	0.107
441	0.1068
442	0.1066
443	0.1064
444	0.1062
445	0.106
446	0.1058
447	0.1056
448	0.1054
449	0.1052
450	0.105
451	0.105
452	0.105
453	0.105
454	0.105
455	0.105
456	0.105
457	0.105
458	0.105
459	0.105
460	0.105
461	0.105
462	0.105
463	0.105
464	0.105
465	0.105
466	0.105
467	0.105
468	0.105
469	0.105
470	0.105
471	0.1052
472	0.1054
473	0.1056
474	0.1058
475	0.106
476	0.1062
477	0.1064
478	0.1066
479	0.1068
480	0.107
481	0.1073
482	0.1076
483	0.1079
484	0.1082
485	0.1085
486	0.1088
487	0.1091
488	0.1094
489	0.1097
490	0.11
491	0.1101
492	0.1102
493	0.1103
494	0.1104
495	0.1105
496	0.1106
497	0.1107
498	0.1108
499	0.1109
500	0.111
501	0.1111
502	0.1112
503	0.1113
504	0.1114
505	0.1115
506	0.1116
507	0.1117
508	0.1118
509	0.1119
510	0.112
511	0.1121
512	0.1122
513	0.1123
514	0.1124
515	0.1125
516	0.1126
517	0.1127
518	0.1128
519	0.1129
520	0.113
521	0.1133
522	0.1136
523	0.1139
524	0.1142
525	0.1145
526	0.1148
527	0.1151
528	0.1154
529	0.1157
530	0.116
531	0.1161
532	0.1162
533	0.1163
534	0.1164
535	0.1165
536	0.1166
537	0.1167
538	0.1168
539	0.1169
540	0.117
541	0.1172
542	0.1174
543	0.1176
544	0.1178
545	0.118
546	0.1182
547	0.1184
548	0.1186
549	0.1188
550	0.119
551	0.1191
552	0.1192
553	0.1193
554	0.1194
555	0.1195
556	0.1196
557	0.1197
558	0.1198
559	0.1199
560	0.12
561	0.12
562	0.12
563	0.12
564	0.12
565	0.12
566	0.12
567	0.12
568	0.12
569	0.12
570	0.12
571	0.1201
572	0.1202
573	0.1203
574	0.1204
575	0.1205
576	0.1206
577	0.1207
578	0.1208
579	0.1209
580	0.121
581	0.121
582	0.121
583	0.121
584	0.121
585	0.121
586	0.121
587	0.121
588	0.121
589	0.121
590	0.121
591	0.1211
592	0.1212
593	0.1213
594	0.1214
595	0.1215
596	0.1216
597	0.1217
598	0.1218
599	0.1219
600	0.122
601	0.1219
602	0.1218
603	0.1217
604	0.1216
605	0.1215
606	0.1214
607	0.1213
608	0.1212
609	0.1211
610	0.121
611	0.121
612	0.121
613	0.121
614	0.121
615	0.121
616	0.121
617	0.121
618	0.121
619	0.121
620	0.121
621	0.1209
622	0.1208
623	0.1207
624	0.1206
625	0.1205
626	0.1204
627	0.1203
628	0.1202
629	0.1201
630	0.12
631	0.1198
632	0.1196
633	0.1194
634	0.1192
635	0.119
636	0.1188
637	0.1186
638	0.1184
639	0.1182
640	0.118
641	0.1174
642	0.1168
643	0.1162
644	0.1156
645	0.115
646	0.1144
647	0.1138
648	0.1132
649	0.1126
650	0.112
651	0.1118
652	0.1116
653	0.1114
654	0.1112
655	0.111
656	0.1108
657	0.1106
658	0.1104
659	0.1102
660	0.11
661	0.1095
662	0.109
663	0.1085
664	0.108
665	0.1075
666	0.107
667	0.1065
668	0.106
669	0.1055
670	0.105
671	0.1045
672	0.104
673	0.1035
674	0.103
675	0.1025
676	0.102
677	0.1015
678	0.101
679	0.1005
680	0.1
681	0.0995
682	0.099
683	0.0985
684	0.098
685	0.0975
686	0.097
687	0.0965
688	0.096
689	0.0955
690	0.095
691	0.094
692	0.093
693	0.092
694	0.091
695	0.09
696	0.089
697	0.088
698	0.087
699	0.086
700	0.085
701	0.084
702	0.083
703	0.082
704	0.081
705	0.08
706	0.0785
707	0.077
708	0.0755
709	0.074
710	0.0725
711	0.071
712	0.0695
713	0.068
714	0.0665
715	0.065
716	0.0635
717	0.062
718	0.0605
719	0.059
720	0.0575
721	0.055
722	0.0525
723	0.05
724	0.0475
725	0.045
726	0.0425
727	0.04
728	0.0375
729	0.035
730	0.0325
731	0.03
732	0.0275
733	0.025
734	0.0225
735	0.02
736	0.0175
737	0.015
738	0.0125
739	0.011875
740	0.010555556
741	0.0095
742	0.008636364
743	0.007916667
744	0.007307692
745	0.006785714
746	0.006333333
747	0.0059375
748	0.005588235
749	0.005277778
750	0.005
751	0.00475
752	0.00452381
753	0.004318182
754	0.004130435
755	0.003958333
756	0.0038
757	0.003653846
758	0.003518519
759	0.003392857
760	0.003275862
761	0.003166667
762	0.003064516
763	0.00296875
764	0.002878788
765	0.002794118
766	0.002714286
767	0.002638889
768	0.002567568
769	0.0025
770	0.002435897
771	0.002375
772	0.002317073
773	0.002261905
774	0.002209302
775	0.002159091
776	0.002111111
777	0.002065217
778	0.002021277
779	0.001979167
780	0.001938776
781	0.0019
782	0.001862745
783	0.001826923
784	0.001792453
785	0.001759259
786	0.001727273
787	0.001696429
788	0.001666667
789	0.001637931
790	0.001610169
791	0.001583333
792	0.001557377
793	0.001532258
794	0.001507937
795	0.001484375
796	0.001461538
797	0.001439394
798	0.00141791
799	0.001397059
800	0.001376812
801	0.001357143
802	0.001338028
803	0.001319444
804	0.00130137
805	0.001283784
806	0.001266667
807	0.00125
808	0.001233766
809	0.001217949
810	0.001202532
811	0.0011875
812	0.00117284
813	0.001158537
814	0.001144578
815	0.001130952
816	0.001117647
817	0.001104651
818	0.001091954
819	0.001079545
820	0.001067416
821	0.001055556
822	0.001043956
823	0.001032609
824	0.001021505
825	0.001010638
826	0.001
827	0.000989583
828	0.000979381
829	0.000969388
830	0.000959596
831	0.00095
832	0.000940594
833	0.000931373
834	0.00092233
835	0.000913462
836	0.000904762
837	0.000896226
838	0.00088785
839	0.00087963
840	0.00087156
841	0.000863636
842	0.000855856
843	0.000848214
844	0.000840708
845	0.000833333
846	0.000826087
847	0.000818966
848	0.000811966
849	0.000805085
850	0.000798319
851	0.000791667
852	0.000785124
853	0.000778689
854	0.000772358
855	0.000766129
856	0.00076
857	0.000753968
858	0.000748031
859	0.000742188
860	0.000736434
861	0.000730769
862	0.000725191
863	0.000719697
864	0.000714286
865	0.000708955
866	0.000703704
867	0.000698529
868	0.000693431
869	0.000688406
870	0.000683453
871	0.000678571
872	0.000673759
873	0.000669014
874	0.000664336
875	0.000659722
876	0.000655172
877	0.000650685
878	0.000646259
879	0.000641892
880	0.000637584
881	0.000633333
882	0.000629139
883	0.000625
884	0.000620915
885	0.000616883
886	0.000612903
887	0.000608974
888	0.000605096
889	0.000601266
890	0.000597484
891	0.00059375
892	0.000590062
893	0.00058642
894	0.000582822
895	0.000579268
896	0.000575758
897	0.000572289
898	0.000568862
899	0.000565476
900	0.00056213
901	0.000558824
902	0.000555556
903	0.000552326
904	0.000549133
905	0.000545977
906	0.000542857
907	0.000539773
908	0.000536723
909	0.000533708
910	0.000530726
911	0.000527778
912	0.000524862
913	0.000521978
914	0.000519126
915	0.000516304
916	0.000513514
917	0.000510753
918	0.000508021
919	0.000505319
920	0.000502646
921	0.0005
922	0.000497382
923	0.000494792
924	0.000492228
925	0.000489691
926	0.000487179
927	0.000484694
928	0.000482234
929	0.000479798
930	0.000477387
931	0.000475
932	0.000472637
933	0.000470297
934	0.00046798
935	0.000465686
936	0.000463415
937	0.000461165
938	0.000458937
939	0.000456731
940	0.000454545
941	0.000452381
942	0.000450237
943	0.000448113
944	0.000446009
945	0.000443925
946	0.00044186
947	0.000439815
948	0.000437788
949	0.00043578
950	0.00043379
-1	-1
